
$orca_opt_file

$trust
    0.300000000000

$epredict
    0.000000000000

$ediffsc
  1000.000000000000

$ctyp
  3

$coordinates
 4 6
   4.39098654  -0.46334195  -0.03119938   5.19850431  -0.87080470  -1.01706950

   4.36333792  -0.44939082   0.00255585   5.22615293  -0.88475583  -1.05082473

   4.37481193  -0.45518045  -0.01145236   5.21467893  -0.87896620  -1.03681652

   4.37594516  -0.45575227  -0.01283588   5.21354570  -0.87839438  -1.03543300


# redundant internal coordinates
#  nbonds nangles ndihedrals nimpropers ncartesians
# bond  definitions A B
# angle definitions A B C
# dihedral definitions A B C D
# improper torsion definitions A B C D
# cartesian definitions A x/y/z
$redundant_internals
 1 0 0 0 0
   1   0   0
$energies
 4
  -1.1632592832900104
  -1.1634987988256114
  -1.1638874268985575
  -1.1638903215237435

$gradients
 4 6
   0.0156436352630056  -0.0078917388335595  -0.0190961750403408  -0.0156436352630052
   0.0078917388335596   0.0190961750403408
  -0.0111226116672798   0.0056135593021040   0.0135812910752591   0.0111226116672794
  -0.0056135593021039  -0.0135812910752590
  -0.0009985442308617   0.0005053544330748   0.0012215101339457   0.0009985442308630
  -0.0005053544330751  -0.0012215101339462
   0.0000730175925995  -0.0000353148826494  -0.0000866916992404  -0.0000730175925993
   0.0000353148826492   0.0000866916992407

$redundant_coords
 4 1
   1.3379277800805929
   1.4295464618255622
   1.3915252845740322
   1.3877701237983431

$redundant_gradients
 4 1
  -0.0259165345532276
   0.0184303012290403
   0.0016566706356780
  -0.0001187054050859

$hessian_approx
 6 6
                  0          1          2          3          4          5    
      0       0.172233  -0.086902  -0.210268  -0.172233   0.086902   0.210268
      1      -0.086902   0.043847   0.106093   0.086902  -0.043847  -0.106093
      2      -0.210268   0.106093   0.256702   0.210268  -0.106093  -0.256702
      3      -0.172233   0.086902   0.210268   0.172233  -0.086902  -0.210268
      4       0.086902  -0.043847  -0.106093  -0.086902   0.043847   0.106093
      5       0.210268  -0.106093  -0.256702  -0.210268   0.106093   0.256702

$bmatrix
 1 6
                  0          1          2          3          4          5    
      0      -0.603559   0.304548   0.736863   0.603559  -0.304548  -0.736863

