
$orca_opt_file

$trust
    0.300000000000

$epredict
    0.000000000000

$ediffsc
  1000.000000000000

$ctyp
  3

$coordinates
 5 9
   1.69487647   0.00479990  -0.07129937   1.14806532   1.24429017   1.21961035
   3.56443923   0.06088698  -0.01288793
   1.70085528   0.01065140  -0.06520514   1.19577305   1.21653707   1.19070588
   3.51075269   0.08278859   0.00992231
   1.69871045   0.00855121  -0.06739245   1.19435136   1.21880846   1.19307151
   3.51431921   0.08261738   0.00974399
   1.69787749   0.00773526  -0.06824225   1.19605136   1.21858787   1.19284176
   3.51345217   0.08365393   0.01082354
   1.69730250   0.00717209  -0.06882878   1.19733668   1.21838078   1.19262607
   3.51274184   0.08442419   0.01162576

# redundant internal coordinates
#  nbonds nangles ndihedrals nimpropers ncartesians
# bond  definitions A B
# angle definitions A B C
# dihedral definitions A B C D
# improper torsion definitions A B C D
# cartesian definitions A x/y/z
$redundant_internals
 2 1 0 0 0
   1   0   0
   2   0   0
   1   0   2   0   0
$energies
 5
 -76.1606026536002361
 -76.1622279417428700
 -76.1622477133441294
 -76.1622494215816204
 -76.1622498013380209

$gradients
 5 9
  -0.0150101472872448  -0.0146975782240646  -0.0153072706337043  -0.0125540747514792
   0.0171714744667630   0.0178838274154467   0.0275642220382193  -0.0024738962427085
  -0.0025765567817890
   0.0026636245004386   0.0026082881328620   0.0027164865896934   0.0003914191012101
  -0.0021479054899998  -0.0022370094278217  -0.0030550436012695  -0.0004603826428855
  -0.0004794771618788
   0.0003316744877733   0.0003249930905338   0.0003384746881641  -0.0004627310882030
  -0.0000171313200639  -0.0000178415327228   0.0001310566001576  -0.0003078617704586
  -0.0003206331553921
   0.0001152150906569   0.0001128612075099   0.0001175430161799  -0.0002060477750644
   0.0000162637852821   0.0000169386503841   0.0000908326846254  -0.0001291249927983
  -0.0001344816665430
  -0.0000011766377761  -0.0000011316436299  -0.0000011785602645   0.0000001943691849
   0.0000007529673516   0.0000007841558740   0.0000009822691847   0.0000003786762571
   0.0000003944043779

$redundant_coords
 5 3
   1.8713060841003462   1.8713157280947665   1.8240438885840486
   1.8128929339925546   1.8128917601131569   1.7956551857883440
   1.8187550934907488   1.8187553368021079   1.7929580406768764
   1.8188805293091503   1.8188805528499652   1.7900199110086665
   1.8188624625701615   1.8188625008254244   1.7878977747738896

$redundant_gradients
 5 3
   0.0273792676265571   0.0273838285401380   0.0089101122255781
  -0.0030875029655322  -0.0030881864998142   0.0008848786785580
   0.0001045555486494   0.0001046939341803   0.0008210622334737
   0.0000794193220161   0.0000794321712420   0.0003484459001406
   0.0000009917818820   0.0000010139964263  -0.0000008832487583

$hessian_approx
 9 9
                  0          1          2          3          4          5    
      0       0.552006  -0.029219  -0.030431  -0.066863   0.068165   0.070994
      1      -0.029219   0.250473   0.260862   0.063469  -0.225553  -0.234909
      2      -0.030431   0.260862   0.271684   0.066101  -0.234909  -0.244655
      3      -0.066863   0.063469   0.066101   0.096377  -0.097859  -0.101919
      4       0.068165  -0.225553  -0.234909  -0.097859   0.224017   0.233311
      5       0.070994  -0.234909  -0.244655  -0.101919   0.233311   0.242991
      6      -0.485143  -0.034250  -0.035671  -0.029514   0.029692   0.030923
      7      -0.038947  -0.024920  -0.025953   0.034390   0.001534   0.001598
      8      -0.040562  -0.025953  -0.027029   0.035816   0.001597   0.001664
                  6          7          8    
      0      -0.485143  -0.038947  -0.040562
      1      -0.034250  -0.024920  -0.025953
      2      -0.035671  -0.025953  -0.027029
      3      -0.029514   0.034390   0.035816
      4       0.029692   0.001534   0.001597
      5       0.030923   0.001598   0.001664
      6       0.514659   0.004558   0.004746
      7       0.004558   0.023385   0.024356
      8       0.004746   0.024356   0.025367

$bmatrix
 3 9
                  0          1          2          3          4          5    
      0       0.274878  -0.665915  -0.693541  -0.274878   0.665915   0.693541
      1      -0.998118  -0.042473  -0.044233   0.000000   0.000000   0.000000
      2       0.494900   0.484738   0.504846  -0.528616  -0.104670  -0.109011
                  6          7          8    
      0       0.000000   0.000000   0.000000
      1       0.998118   0.042473   0.044233
      2       0.033715  -0.380068  -0.395835

