
$orca_opt_file

$trust
    0.300000000000

$epredict
    0.000000000000

$ediffsc
  1000.000000000000

$ctyp
  3

$coordinates
 4 9
   1.69487647   0.00479990  -0.07129937   1.14806532   1.24429017   1.21961035
   3.56443923   0.06088698  -0.01288793
   1.69495356   0.00487130  -0.07122501   1.18017062   1.22851336   1.20317902
   3.53225684   0.07659239   0.00346904
   1.69251006   0.00247586  -0.07371982   1.18408988   1.22839059   1.20305115
   3.53078108   0.07911060   0.00609172
   1.69008596   0.00010148  -0.07619269   1.18798917   1.22826173   1.20291693
   3.52930589   0.08161384   0.00869881

# redundant internal coordinates
#  nbonds nangles ndihedrals nimpropers ncartesians
# bond  definitions A B
# angle definitions A B C
# dihedral definitions A B C D
# improper torsion definitions A B C D
# cartesian definitions A x/y/z
$redundant_internals
 2 1 0 0 0
   1   0   0
   2   0   0
   1   0   2   0   0
$energies
 4
 -76.3601828639848321
 -76.3607506296722960
 -76.3607651967517995
 -76.3607699816131742

$gradients
 4 9
  -0.0062952108192719  -0.0061609301369634  -0.0064219011856311  -0.0083822301870029
   0.0087223283088645   0.0090894659376074   0.0146774410061686  -0.0025613981719510
  -0.0026675647520714
   0.0017331773379042   0.0017012007051030   0.0017660430737173  -0.0009120137961235
  -0.0008321552725469  -0.0008610776456078  -0.0008211635421774  -0.0008690454325897
  -0.0009049654280534
   0.0008656905166406   0.0008496256795532   0.0008789155051834  -0.0004556351535718
  -0.0004167280728236  -0.0004282148127319  -0.0004100553634703  -0.0004328976067360
  -0.0004507006924731
  -0.0000005420018323   0.0000016229122615  -0.0000044851639063   0.0000048568894123
  -0.0000060495457596  -0.0000003053153519  -0.0000043148873041   0.0000044266334932
   0.0000047904792542

$redundant_coords
 4 3
   1.8713060841003462   1.8713157280947665   1.8240438885840486
   1.8402192740429797   1.8402191342574867   1.7980180494521492
   1.8416031349847111   1.8415979767627246   1.7903858048706767
   1.8429867667198490   1.8429814905899446   1.7828189810529609

$redundant_gradients
 4 3
   0.0144982071329807   0.0145024988279876   0.0081076150299345
  -0.0008936315296195  -0.0008913638419324   0.0022239573505412
  -0.0004476758442740  -0.0004476813031564   0.0011068416331763
  -0.0000048341210539  -0.0000046220113844  -0.0000094501688589

$hessian_approx
 9 9
                  0          1          2          3          4          5    
      0       0.530274  -0.050520  -0.052599  -0.073776   0.087513   0.091128
      1      -0.050520   0.229595   0.239135   0.056744  -0.206615  -0.215201
      2      -0.052599   0.239135   0.249074   0.059086  -0.215193  -0.224135
      3      -0.073776   0.056744   0.059086   0.088966  -0.089173  -0.092861
      4       0.087513  -0.206615  -0.215193  -0.089173   0.205565   0.214099
      5       0.091128  -0.215201  -0.224135  -0.092861   0.214099   0.222986
      6      -0.456499  -0.006225  -0.006487  -0.015190   0.001660   0.001732
      7      -0.036995  -0.022980  -0.023944   0.032428   0.001050   0.001101
      8      -0.038530  -0.023935  -0.024939   0.033775   0.001094   0.001149
                  6          7          8    
      0      -0.456499  -0.036995  -0.038530
      1      -0.006225  -0.022980  -0.023935
      2      -0.006487  -0.023944  -0.024939
      3      -0.015190   0.032428   0.033775
      4       0.001660   0.001050   0.001094
      5       0.001732   0.001101   0.001149
      6       0.471689   0.004566   0.004755
      7       0.004566   0.021930   0.022841
      8       0.004755   0.022841   0.023791

$bmatrix
 3 9
                  0          1          2          3          4          5    
      0       0.272436  -0.666397  -0.694042  -0.272436   0.666397   0.694042
      1      -0.997959  -0.044229  -0.046062   0.000000   0.000000   0.000000
      2       0.487424   0.477416   0.497221  -0.522073  -0.102382  -0.106629
                  6          7          8    
      0       0.000000   0.000000   0.000000
      1       0.997959   0.044229   0.046062
      2       0.034649  -0.375034  -0.390592

